3,2
3,1
3,3
10,302
10,164
10,254
10,204
10,6
10,272
10,98
10,4
11,12
11,15
11,6
11,16
11,11
11,13
9,4
9,6
8,7
8,12
8,9
8,17
8,2
8,3
2,2
2,1
2,3
60,4
60,3
60,1
54,4
54,3
54,2
54,1
54,0
52,3
52,2
52,1
52,0
50,3
50,2
50,1
50,0
45,1
45,3
45,2
45,0
44,4
44,3
44,2
44,1
44,0
43,4
43,3
43,2
43,1
43,0
41,5
41,4
41,3
41,2
41,1
41,0
38,5
38,4
38,3
38,2
38,1
38,0
36,5
36,4
36,3
36,2
36,1
36,0
34,5
34,4
34,3
34,2
34,1
34,0
32,4
32,3
32,2
32,1
27,3
27,1
24,3
24,1
20,3
20,2
20,1
19,3
19,2
19,1
18,3
18,1
12,3
12,2
12,1
11,30
11,29
11,28
11,27
11,26
11,25
11,24
11,23
11,22
11,21
11,20
11,19
11,18
